50
100001 12345 1 45000.00
100002 12346 2 52000.50
100003 12347 3 30000.25
100004 12348 4 60000.00
100005 12349 5 150000.75
100006 12350 6 70000.00
100007 12351 7 28000.00
100008 12352 8 51000.00
100009 12353 9 49999.99
100010 12354 10 53000.00
100011 12355 11 75000.00
100012 12356 12 24000.00
100013 12357 13 110000.00
100014 12358 14 80000.00
100015 12359 15 125000.00
100016 12360 16 30000.00
100017 12361 17 47500.50
100018 12362 18 51000.00
100019 12363 19 89000.00
100020 12364 20 99999.99
100021 12365 21 100000.00
100022 12366 22 20000.00
100023 12367 23 34500.75
100024 12368 24 56000.00
100025 12369 25 60001.00
100026 12370 26 32000.00
100027 12371 27 72000.00
100028 12372 28 46000.00
100029 12373 29 38000.00
100030 12374 30 51000.00
100031 12375 31 49000.00
100032 12376 32 51000.00
100033 12377 33 61000.00
100034 12378 34 46000.00
100035 12379 35 70000.00
100036 12380 36 50000.00
100037 12381 37 78000.00
100038 12382 38 62000.00
100039 12383 39 1000.00
100040 12384 40 23000.00
100041 12385 41 56000.00
100042 12386 42 18000.00
100043 12387 43 42000.00
100044 12388 44 98000.00
100045 12389 45 500.00
100046 12390 46 47000.00
100047 12391 47 51000.00
100048 12392 48 23000.00
100049 12393 49 57000.00
100050 12394 50 47000.00

si
si
no
si
no
no
si
si - l
no
si -