34.56 23.56 67.77 45.67 23.34 23.34 23.34 23.34 23.34 23.34 23.34 23.34 
0 1 1 0 0 1 1 0 1 1 0 1 
1 0 0 0 1 1 1 1 0 1 0 0 
1 0 1 0 1 1 0 0 1 0 0 1 
0 0 0 1 1 0 0 1 1 0 1 1 
0 1 1 1 0 0 1 1 1 0 0 0 
1 0 0 0 0 1 1 0 1 0 1 0 
1 0 1 1 1 0 0 1 0 1 0 1 
1 1 1 0 1 0 1 0 1 1 1 0 
0 1 1 0 1 1 1 1 0 1 1 1 
1 1 0 0 0 0 1 1 1 1 1 0 
1 1 1 0 1 0 1 1 0 1 0 1 
1 1 0 0 1 0 1 1 0 0 1 1 
1 0 1 0 1 1 0 1 0 1 1 1 
1 0 1 1 1 0 0 1 1 0 1 0 
0 1 1 0 0 1 0 1 1 1 0 1 
0 1 1 1 0 1 1 0 1 0 1 0 
0 1 0 1 1 1 1 0 1 1 0 0 
1 0 1 1 0 0 1 1 0 1 0 1 
0 1 0 0 1 0 1 1 1 1 0 0 
0 0 1 0 1 1 1 0 1 1 0 1 
1 1 0 0 1 1 0 1 0 0 1 1 
1 1 1 0 0 1 0 0 1 1 1 0 
0 1 0 0 0 1 1 1 0 0 1 1 
1 0 1 0 1 1 1 1 1 0 0 1 
1 0 0 1 1 0 1 0 0 1 0 0 
0 1 1 0 1 0 1 1 1 1 0 1 
0 1 0 0 1 0 1 0 1 1 1 1 
1 0 1 1 1 0 1 0 1 1 1 1 
0 1 1 1 1 0 1 0 0 0 0 1 
1 1 1 0 0 1 1 1 0 1 1 0 
1 0 0 1 1 0 0 1 1 0 1 1 
1 0 1 1 0 0 1 1 0 1 0 1 
1 1 0 1 0 1 1 1 0 0 1 1 
0 0 1 1 0 1 1 0 0 1 0 0 
1 0 1 1 0 0 0 1 1 1 1 1 
1 1 0 1 0 0 1 0 0 1 1 0 
1 0 0 1 1 1 0 0 0 1 0 1 
0 1 0 1 0 1 1 0 1 0 1 1 
1 1 1 1 1 0 0 0 1 0 1 1 
0 0 1 0 1 0 0 0 1 1 0 0 
1 0 0 1 1 1 0 1 1 1 0 0 
0 1 1 0 0 1 1 0 1 1 1 0 
1 0 1 1 1 0 0 1 1 1 1 0 
0 0 1 1 1 1 1 1 0 0 1 0 
1 0 0 0 1 1 0 0 1 0 1 1 
0 1 0 1 1 0 1 1 0 1 1 1 
1 0 0 1 0 1 1 0 1 1 0 0 
1 0 1 1 0 1 0 0 0 1 1 0 
0 1 1 0 1 1 1 0 1 1 1 1 
1 1 0 0 1 1 1 0 0 1 0 0 
0 0 0 1 1 1 1 0 1 0 0 1 
1 1 0 1 1 0 1 1 1 0 0 0 
1 0 0 1 0 0 1 1 0 1 1 1 
1 1 0 1 1 0 0 1 1 1 0 1 
1 1 1 0 0 1 0 0 0 0 1 0 
0 1 1 0 1 1 0 1 0 0 1 1 
1 0 0 1 1 1 0 1 0 1 0 1 
1 1 1 1 0 1 0 0 1 1 1 1 
0 1 1 1 0 0 1 1 0 1 1 0 
1 0 1 0 1 1 1 1 0 0 1 0 
0 1 0 1 0 1 1 1 1 0 1 1 
1 0 1 1 1 1 0 0 1 1 0 1 
1 0 0 1 0 1 1 0 0 1 1 1 
0 1 1 0 1 1 0 1 1 0 1 1 
0 1 1 1 1 0 0 1 1 1 0 1 
1 0 0 0 1 1 1 1 1 0 0 1 
1 1 1 1 0 0 1 0 1 0 1 0 
1 0 1 0 0 1 1 1 1 0 1 0 
0 1 0 1 1 0 0 1 1 1 0 0 
1 1 1 1 1 0 0 0 1 0 1 1 
0 0 1 0 1 0 0 0 1 1 0 0 
1 0 0 1 1 1 0 1 1 1 0 0 
0 1 1 0 0 1 1 0 1 1 1 0 
1 0 1 1 1 0 0 1 1 1 1 0 
0 0 1 1 1 1 1 1 0 0 1 0 
1 0 0 0 1 1 0 0 1 0 1 1 
0 1 0 1 1 0 1 1 0 1 1 1 
1 0 0 1 0 1 1 0 1 1 0 0 
1 0 1 1 0 1 0 0 0 1 1 0 
0 1 1 0 1 1 1 0 1 1 1 1 
1 1 0 0 1 1 1 0 0 1 0 0 
0 0 0 1 1 1 1 0 1 0 0 1 
1 1 0 1 1 0 1 1 1 0 0 0 
1 0 0 1 0 0 1 1 0 1 1 1 
1 1 0 1 1 0 0 1 1 1 0 1 
1 1 1 0 0 1 0 0 0 0 1 0 
0 1 1 0 1 1 0 1 0 0 1 1 
1 0 0 1 1 1 0 1 0 1 0 1 
1 1 1 1 0 1 0 0 1 1 1 1 
0 1 1 1 0 0 1 1 0 1 1 0 
1 0 1 0 1 1 1 1 0 0 1 0 
0 1 0 1 0 1 1 1 1 0 1 1 
1 0 1 1 1 1 0 0 1 1 0 1 
1 0 0 1 0 1 1 0 0 1 1 1 
0 1 1 0 1 1 0 1 1 0 1 1 
0 1 1 1 1 0 0 1 1 1 0 1 
1 0 0 0 1 1 1 1 1 0 0 1 
1 1 1 1 0 0 1 0 1 0 1 0 
1 0 1 0 0 1 1 1 1 0 1 0 
0 1 0 1 1 0 0 1 1 1 0 0 