0.5 1.2 2.3 3.1 4.8 5.6 6.3 7.7 8.4 9.0 10.5 11.1 12.3 13.2 14.7 15.0 16.5 17.9 18.2 19.3
20.4 21.2 22.5 23.0 24.1 25.7 26.4 27.8 28.9 29.6 30.2 31.0 32.1 33.4 34.5 35.3 36.6 37.0 38.8 39.9
40.1 41.3 42.0 43.5 44.6 45.1 46.7 47.8 48.2 49.0 50.1 51.9 52.4 53.5 54.6 55.8 56.7 57.9 58.2 59.0
60.3 61.4 62.1 63.7 64.0 65.2 66.8 67.3 68.4 69.9 70.1 71.5 72.6 73.2 74.4 75.5 76.3 77.8 78.9 79.1
80.0 81.5 82.3 83.2 84.7 85.0 86.4 87.9 88.3 89.5 90.2 91.4 92.0 93.7 94.1 95.6 96.2 97.3 98.8 99.9
100.3 101.1 102.2 103.4 104.5 105.3 106.6 107.8 108.4 109.2 110.7 111.6 112.3 113.5 114.7 115.9 116.0 117.3 118.2 119.0
120.4 121.1 122.2 123.3 124.8 125.0 126.4 127.5 128.9 129.2 130.6 131.0 132.7 133.4 134.1 135.5 136.3 137.9 138.2 139.8
140.0 141.2 142.1 143.6 144.4 145.7 146.3 147.0 148.2 149.3 150.4 151.1 152.6 153.5 154.7 155.9 156.4 157.8 158.1 159.6
160.2 161.4 162.5 163.3 164.6 165.9 166.8 167.0 168.4 169.7 170.2 171.0 172.5 173.3 174.9 175.6 176.2 177.8 178.1 179.0
180.3 181.5 182.2 183.0 184.1 185.9 186.4 187.2 188.3 189.4 190.2 191.6 192.0 193.3 194.1 195.6 196.3 197.8 198.9 199.5
200.0 201.2 202.1 203.5 204.3 205.9 206.7 207.8 208.4 209.2 210.3 211.6 212.0 213.4 214.9 215.1 216.4 217.2 218.8 219.9
220.1 221.3 222.4 223.0 224.7 225.2 226.3 227.4 228.2 229.1 230.6 231.7 232.8 233.4 234.2 235.5 236.0 237.3 238.6 239.9
240.2 241.1 242.4 243.7 244.5 245.3 246.0 247.2 248.8 249.9 250.0 251.5 252.1 253.6 254.3 255.7 256.2 257.0 258.9 259.3
260.1 261.5 262.7 263.8 264.3 265.9 266.2 267.3 268.4 269.0 270.5 271.2 272.4 273.1 274.6 275.9 276.1 277.0 278.3 279.2
280.6 281.1 282.5 283.7 284.4 285.1 286.3 287.4 288.9 289.6 290.0 291.2 292.7 293.3 294.0 295.5 296.1 297.3 298.0 299.2
300.4 301.3 302.1 303.4 304.0 305.7 306.2 307.0 308.8 309.9 310.5 311.2 312.4 313.1 314.3 315.8 316.7 317.4 318.1 319.0
320.2 321.5 322.4 323.3 324.5 325.8 326.7 327.4 328.6 329.0 330.3 331.2 332.7 333.8 334.0 335.2 336.1 337.7 338.4 339.0
340.5 341.3 342.7 343.6 344.0 345.5 346.9 347.3 348.8 349.7 350.0 351.2 352.3 353.6 354.9 355.2 356.4 357.1 358.9 359.0
360.1 361.5 362.6 363.3 364.7 365.4 366.2 367.7 368.0 369.9 370.1 371.6 372.2 373.3 374.5 375.2 376.0 377.1 378.8 379.4
380.2 381.3 382.6 383.1 384.4 385.7 386.0 387.3 388.8 389.2 390.1 391.4 392.0 393.1 394.3 395.8 396.2 397.0 398.3 399.9
400.1 401.0 402.3 403.7 404.4 405.0 406.1 407.2 408.0 409.1 410.5 411.6 412.2 413.8 414.0 415.6 416.3 417.4 418.8 419.2
200.0 201.2 202.1 203.5 204.3 205.9 206.7 207.8 208.4 209.2 210.3 211.6 212.0 213.4 214.9 215.1 216.4 217.2 218.8 219.9
220.1 221.3 222.4 223.0 224.7 225.2 226.3 227.4 228.2 229.1 230.6 231.7 232.8 233.4 234.2 235.5 236.0 237.3 238.6 239.9
240.2 241.1 242.4 243.7 244.5 245.3 246.0 247.2 248.8 249.9 250.0 251.5 252.1 253.6 254.3 255.7 256.2 257.0 258.9 259.3
260.1 261.5 262.7 263.8 264.3 265.9 266.2 267.3 268.4 269.0 270.5 271.2 272.4 273.1 274.6 275.9 276.1 277.0 278.3 279.2
280.6 281.1 282.5 283.7 284.4 285.1 286.3 287.4 288.9 289.6 290.0 291.2 292.7 293.3 294.0 295.5 296.1 297.3 298.0 299.2
300.4 301.3 302.1 303.4 304.0 305.7 306.2 307.0 308.8 309.9 310.5 311.2 312.4 313.1 314.3 315.8 316.7 317.4 318.1 319.0
320.2 321.5 322.4 323.3 324.5 325.8 326.7 327.4 328.6 329.0 330.3 331.2 332.7 333.8 334.0 335.2 336.1 337.7 338.4 339.0
340.5 341.3 342.7 343.6 344.0 345.5 346.9 347.3 348.8 349.7 350.0 351.2 352.3 353.6 354.9 355.2 356.4 357.1 358.9 359.0
360.1 361.5 362.6 363.3 364.7 365.4 366.2 367.7 368.0 369.9 370.1 371.6 372.2 373.3 374.5 375.2 376.0 377.1 378.8 379.4
